y,x,value
11.0,117.0,3.7
11.0,117.5,3.7
11.0,118.0,3.7
11.0,118.5,3.7
11.0,119.0,3.7
11.0,119.5,7.4
11.5,110.0,3.7
11.5,111.0,3.7
11.5,117.0,11.0
11.5,117.5,11.0
11.5,118.0,11.0
11.5,118.5,15.0
11.5,119.0,11.0
11.5,119.5,22.0
12.0,110.0,3.7
12.0,111.0,3.7
12.0,116.5,11.0
12.0,117.0,11.0
12.0,117.5,15.0
12.0,118.0,15.0
12.0,118.5,33.0
12.0,119.0,15.0
12.0,119.5,37.0
12.0,120.0,3.7
12.0,120.5,15.0
12.0,121.0,3.7
12.5,110.0,3.7
12.5,111.0,3.7
12.5,115.0,7.4
12.5,115.5,11.0
12.5,116.0,11.0
12.5,116.5,11.0
12.5,117.0,22.0
12.5,117.5,22.0
12.5,118.0,22.0
12.5,118.5,37.0
12.5,119.0,41.0
12.5,119.5,33.0
12.5,120.0,30.0
12.5,120.5,11.0
12.5,121.0,3.7
13.0,109.0,3.7
13.0,110.0,11.0
13.0,111.0,11.0
13.0,114.5,3.7
13.0,115.0,11.0
13.0,115.5,11.0
13.0,116.0,11.0
13.0,116.5,11.0
13.0,117.0,19.0
13.0,117.5,22.0
13.0,118.0,26.0
13.0,118.5,33.0
13.0,119.0,44.0
13.0,119.5,33.0
13.0,120.0,33.0
13.0,120.5,11.0
13.0,121.0,11.0
13.0,121.5,11.0
13.5,108.0,3.7
13.5,108.5,3.7
13.5,109.0,11.0
13.5,109.5,11.0
13.5,110.0,11.0
13.5,110.5,11.0
13.5,111.0,11.0
13.5,111.5,7.4
13.5,115.0,7.4
13.5,115.5,11.0
13.5,116.0,11.0
13.5,116.5,11.0
13.5,117.0,22.0
13.5,117.5,33.0
13.5,118.0,26.0
13.5,118.5,48.0
13.5,119.0,44.0
13.5,119.5,48.0
13.5,120.0,44.0
13.5,120.5,22.0
13.5,121.0,22.0
14.0,108.5,11.0
14.0,109.0,11.0
14.0,109.5,11.0
14.0,110.0,11.0
14.0,110.5,11.0
14.0,111.0,11.0
14.0,111.5,7.4
14.0,112.0,7.4
14.0,114.5,3.7
14.0,115.0,11.0
14.0,115.5,11.0
14.0,116.0,11.0
14.0,116.5,11.0
14.0,117.0,15.0
14.0,117.5,22.0
14.0,118.0,33.0
14.0,118.5,37.0
14.0,119.0,48.0
14.0,119.5,70.0
14.0,120.0,59.0
14.0,120.5,59.0
14.0,121.0,26.0
14.5,108.0,3.7
14.5,108.5,11.0
14.5,109.0,11.0
14.5,109.5,15.0
14.5,110.0,22.0
14.5,110.5,15.0
14.5,111.0,11.0
14.5,111.5,11.0
14.5,112.0,11.0
14.5,112.5,15.0
14.5,113.0,7.4
14.5,113.5,3.7
14.5,114.5,7.4
14.5,115.0,3.7
14.5,115.5,11.0
14.5,116.0,11.0
14.5,116.5,11.0
14.5,117.0,11.0
14.5,117.5,22.0
14.5,118.0,22.0
14.5,118.5,48.0
14.5,119.0,52.0
14.5,119.5,89.0
14.5,120.0,85.0
14.5,120.5,100.0
14.5,121.0,70.0
15.0,108.5,11.0
15.0,109.0,19.0
15.0,109.5,15.0
15.0,110.0,26.0
15.0,110.5,37.0
15.0,111.0,19.0
15.0,111.5,7.4
15.0,112.0,7.4
15.0,112.5,11.0
15.0,113.0,15.0
15.0,113.5,11.0
15.0,114.0,3.7
15.0,114.5,3.7
15.0,115.0,7.4
15.0,116.5,11.0
15.0,117.0,11.0
15.0,117.5,19.0
15.0,118.0,19.0
15.0,118.5,33.0
15.0,119.0,48.0
15.0,119.5,70.0
15.0,120.0,100.0
15.0,120.5,63.0
15.0,121.0,100.0
15.5,108.0,3.7
15.5,108.5,15.0
15.5,109.0,19.0
15.5,109.5,30.0
15.5,110.0,26.0
15.5,110.5,33.0
15.5,111.0,22.0
15.5,111.5,11.0
15.5,112.0,15.0
15.5,112.5,11.0
15.5,113.0,7.4
15.5,113.5,15.0
15.5,114.0,11.0
15.5,115.0,3.7
15.5,115.5,11.0
15.5,117.0,3.7
15.5,117.5,11.0
15.5,118.0,15.0
15.5,118.5,26.0
15.5,119.0,67.0
15.5,119.5,78.0
15.5,120.0,85.0
15.5,120.5,67.0
15.5,121.0,59.0
15.5,121.5,11.0
16.0,108.0,3.7
16.0,108.5,15.0
16.0,109.0,22.0
16.0,109.5,33.0
16.0,110.0,22.0
16.0,110.5,33.0
16.0,111.0,33.0
16.0,111.5,33.0
16.0,112.0,11.0
16.0,112.5,11.0
16.0,113.0,7.4
16.0,113.5,7.4
16.0,114.0,15.0
16.0,114.5,11.0
16.0,115.0,3.7
16.0,115.5,3.7
16.0,116.0,7.4
16.0,117.0,3.7
16.0,117.5,3.7
16.0,118.0,15.0
16.0,118.5,22.0
16.0,119.0,37.0
16.0,119.5,89.0
16.0,120.0,100.0
16.0,120.5,63.0
16.0,121.0,100.0
16.0,121.5,41.0
16.5,108.5,15.0
16.5,109.0,22.0
16.5,109.5,41.0
16.5,110.0,30.0
16.5,110.5,41.0
16.5,111.0,30.0
16.5,111.5,30.0
16.5,112.0,37.0
16.5,112.5,26.0
16.5,113.0,11.0
16.5,113.5,15.0
16.5,114.0,7.4
16.5,114.5,11.0
16.5,115.0,11.0
16.5,116.0,11.0
16.5,116.5,7.4
16.5,117.0,3.7
16.5,117.5,7.4
16.5,118.0,11.0
16.5,118.5,15.0
16.5,119.0,52.0
16.5,119.5,63.0
16.5,120.0,81.0
16.5,120.5,44.0
16.5,121.0,48.0
16.5,121.5,52.0
16.5,122.0,15.0
17.0,108.0,3.7
17.0,108.5,15.0
17.0,109.0,19.0
17.0,109.5,37.0
17.0,110.0,37.0
17.0,110.5,37.0
17.0,111.0,33.0
17.0,111.5,41.0
17.0,112.0,22.0
17.0,112.5,41.0
17.0,113.0,30.0
17.0,113.5,22.0
17.0,114.0,7.4
17.0,114.5,7.4
17.0,115.0,11.0
17.0,115.5,3.7
17.0,116.0,7.4
17.0,116.5,11.0
17.0,117.5,3.7
17.0,118.0,11.0
17.0,118.5,11.0
17.0,119.0,30.0
17.0,119.5,63.0
17.0,120.0,100.0
17.0,120.5,41.0
17.0,121.0,100.0
17.0,121.5,67.0
17.0,122.0,100.0
17.5,108.5,3.7
17.5,109.0,15.0
17.5,109.5,41.0
17.5,110.0,44.0
17.5,110.5,52.0
17.5,111.0,41.0
17.5,111.5,41.0
17.5,112.0,30.0
17.5,112.5,30.0
17.5,113.0,37.0
17.5,113.5,30.0
17.5,114.0,22.0
17.5,114.5,7.4
17.5,115.0,7.4
17.5,115.5,11.0
17.5,116.0,7.4
17.5,116.5,7.4
17.5,117.0,7.4
17.5,117.5,11.0
17.5,118.0,11.0
17.5,118.5,11.0
17.5,119.0,15.0
17.5,119.5,44.0
17.5,120.0,85.0
17.5,120.5,33.0
17.5,121.0,52.0
17.5,121.5,33.0
17.5,122.0,19.0
17.5,122.5,11.0
18.0,108.5,3.7
18.0,109.0,11.0
18.0,109.5,26.0
18.0,110.0,56.0
18.0,110.5,52.0
18.0,111.0,52.0
18.0,111.5,48.0
18.0,112.0,37.0
18.0,112.5,41.0
18.0,113.0,19.0
18.0,113.5,37.0
18.0,114.0,30.0
18.0,114.5,22.0
18.0,115.0,15.0
18.0,115.5,11.0
18.0,116.0,7.4
18.0,116.5,11.0
18.0,117.0,11.0
18.0,118.0,11.0
18.0,118.5,11.0
18.0,119.0,15.0
18.0,119.5,22.0
18.0,120.0,100.0
18.0,120.5,41.0
18.0,121.0,100.0
18.0,121.5,63.0
18.0,122.0,100.0
18.5,108.5,3.7
18.5,109.0,3.7
18.5,109.5,30.0
18.5,110.0,33.0
18.5,110.5,44.0
18.5,111.0,44.0
18.5,111.5,44.0
18.5,112.0,52.0
18.5,112.5,37.0
18.5,113.0,44.0
18.5,113.5,22.0
18.5,114.0,44.0
18.5,114.5,22.0
18.5,115.0,22.0
18.5,115.5,11.0
18.5,116.0,11.0
18.5,116.5,3.7
18.5,117.0,11.0
18.5,117.5,11.0
18.5,118.0,11.0
18.5,118.5,15.0
18.5,119.0,15.0
18.5,119.5,19.0
18.5,120.0,22.0
18.5,120.5,33.0
18.5,121.0,37.0
18.5,121.5,33.0
18.5,122.0,19.0
19.0,108.5,3.7
19.0,109.0,3.7
19.0,109.5,15.0
19.0,110.0,30.0
19.0,110.5,41.0
19.0,111.0,59.0
19.0,111.5,52.0
19.0,112.0,59.0
19.0,112.5,48.0
19.0,113.0,41.0
19.0,113.5,41.0
19.0,114.0,22.0
19.0,114.5,37.0
19.0,115.0,30.0
19.0,115.5,19.0
19.0,116.0,11.0
19.0,116.5,3.7
19.0,117.0,11.0
19.0,117.5,7.4
19.0,118.0,3.7
19.0,118.5,7.4
19.0,119.0,11.0
19.0,119.5,11.0
19.0,120.0,11.0
19.0,120.5,11.0
19.0,121.0,3.7
19.0,122.0,11.0
19.5,109.0,3.7
19.5,109.5,11.0
19.5,110.0,19.0
19.5,110.5,37.0
19.5,111.0,56.0
19.5,111.5,44.0
19.5,112.0,56.0
19.5,112.5,67.0
19.5,113.0,37.0
19.5,113.5,37.0
19.5,114.0,48.0
19.5,114.5,30.0
19.5,115.0,41.0
19.5,115.5,30.0
19.5,116.0,19.0
19.5,116.5,11.0
19.5,117.0,11.0
19.5,117.5,11.0
19.5,118.0,7.4
19.5,118.5,11.0
19.5,121.5,11.0
19.5,122.0,11.0
20.0,109.0,3.7
20.0,109.5,11.0
20.0,110.0,15.0
20.0,110.5,30.0
20.0,111.0,48.0
20.0,111.5,59.0
20.0,112.0,59.0
20.0,112.5,52.0
20.0,113.0,74.0
20.0,113.5,52.0
20.0,114.0,44.0
20.0,114.5,41.0
20.0,115.0,41.0
20.0,115.5,30.0
20.0,116.0,30.0
20.0,116.5,19.0
20.0,117.0,3.7
20.0,117.5,11.0
20.0,118.0,7.4
20.0,118.5,11.0
20.0,119.0,7.4
20.0,119.5,7.4
20.0,120.0,7.4
20.0,121.0,7.4
20.0,121.5,11.0
20.5,109.5,11.0
20.5,110.0,15.0
20.5,110.5,26.0
20.5,111.0,30.0
20.5,111.5,70.0
20.5,112.0,74.0
20.5,112.5,67.0
20.5,113.0,52.0
20.5,113.5,67.0
20.5,114.0,44.0
20.5,114.5,52.0
20.5,115.0,33.0
20.5,115.5,59.0
20.5,116.0,30.0
20.5,116.5,22.0
20.5,117.0,7.4
20.5,117.5,11.0
20.5,118.5,11.0
20.5,119.0,3.7
20.5,119.5,3.7
20.5,120.0,7.4
20.5,120.5,11.0
20.5,121.0,3.7
21.0,110.5,15.0
21.0,111.0,30.0
21.0,111.5,41.0
21.0,112.0,74.0
21.0,112.5,70.0
21.0,113.0,70.0
21.0,113.5,59.0
21.0,114.0,78.0
21.0,114.5,52.0
21.0,115.0,56.0
21.0,115.5,33.0
21.0,116.0,74.0
21.0,116.5,44.0
21.0,117.0,22.0
21.0,117.5,11.0
21.0,118.0,3.7
21.0,118.5,7.4
21.0,119.0,3.7
21.0,120.0,3.7
21.0,120.5,3.7
21.5,111.0,7.4
21.5,111.5,41.0
21.5,112.0,59.0
21.5,112.5,100.0
21.5,113.0,67.0
21.5,113.5,100.0
21.5,114.0,63.0
21.5,114.5,96.0
21.5,115.0,59.0
21.5,115.5,67.0
21.5,116.0,63.0
21.5,116.5,52.0
21.5,117.0,41.0
21.5,117.5,11.0
21.5,118.0,11.0
22.0,111.5,7.4
22.0,112.0,48.0
22.0,112.5,78.0
22.0,113.0,100.0
22.0,113.5,63.0
22.0,114.0,100.0
22.0,114.5,52.0
22.0,115.0,100.0
22.0,115.5,52.0
22.0,116.0,74.0
22.0,116.5,74.0
22.0,117.0,74.0
22.0,117.5,37.0
22.0,118.0,11.0
22.5,112.0,3.7
22.5,112.5,85.0
22.5,113.0,78.0
22.5,113.5,81.0
22.5,114.0,78.0
22.5,114.5,74.0
22.5,115.0,74.0
22.5,115.5,63.0
22.5,116.0,81.0
22.5,116.5,59.0
22.5,117.0,74.0
22.5,117.5,70.0
22.5,118.0,11.0
23.0,112.5,7.4
23.0,113.0,100.0
23.0,113.5,48.0
23.0,114.0,100.0
23.0,114.5,48.0
23.0,115.0,100.0
23.0,115.5,48.0
23.0,116.0,100.0
23.0,116.5,70.0
23.0,117.0,100.0
23.0,117.5,78.0
23.0,118.0,30.0
23.5,113.5,48.0
23.5,114.0,59.0
23.5,114.5,41.0
23.5,115.0,70.0
23.5,115.5,30.0
23.5,116.0,78.0
23.5,116.5,33.0
23.5,117.0,74.0
23.5,117.5,44.0
23.5,118.0,70.0
24.0,113.5,7.4
24.0,114.0,100.0
24.0,114.5,7.4
24.0,115.0,100.0
24.0,115.5,7.4
24.0,116.0,100.0
24.0,116.5,7.4
24.0,117.0,100.0
24.0,117.5,7.4
24.0,118.0,100.0
8.0,100.0,0.0
8.0,100.5,0.0
8.0,101.0,0.0
8.0,101.5,0.0
8.0,102.0,0.0
8.0,102.5,0.0
8.0,103.0,0.0
8.0,103.5,0.0
8.0,104.0,0.0
8.0,104.5,0.0
8.0,105.0,0.0
8.0,105.5,0.0
8.0,106.0,0.0
8.0,106.5,0.0
8.0,107.0,0.0
8.0,107.5,0.0
8.0,108.0,0.0
8.0,108.5,0.0
8.0,109.0,0.0
8.0,109.5,0.0
8.0,110.0,0.0
8.0,110.5,0.0
8.0,111.0,0.0
8.0,111.5,0.0
8.0,112.0,0.0
8.0,112.5,0.0
8.0,113.0,0.0
8.0,113.5,0.0
8.0,114.0,0.0
8.0,114.5,0.0
8.0,115.0,0.0
8.0,115.5,0.0
8.0,116.0,0.0
8.0,116.5,0.0
8.0,117.0,0.0
8.0,117.5,0.0
8.0,118.0,0.0
8.0,118.5,0.0
8.0,119.0,0.0
8.0,119.5,0.0
8.0,120.0,0.0
8.0,120.5,0.0
8.0,121.0,0.0
8.0,121.5,0.0
8.0,122.0,0.0
8.0,122.5,0.0
8.0,123.0,0.0
8.0,123.5,0.0
8.0,124.0,0.0
8.0,124.5,0.0
8.5,100.0,0.0
8.5,100.5,0.0
8.5,101.0,0.0
8.5,101.5,0.0
8.5,102.0,0.0
8.5,102.5,0.0
8.5,103.0,0.0
8.5,103.5,0.0
8.5,104.0,0.0
8.5,104.5,0.0
8.5,105.0,0.0
8.5,105.5,0.0
8.5,106.0,0.0
8.5,106.5,0.0
8.5,107.0,0.0
8.5,107.5,0.0
8.5,108.0,0.0
8.5,108.5,0.0
8.5,109.0,0.0
8.5,109.5,0.0
8.5,110.0,0.0
8.5,110.5,0.0
8.5,111.0,0.0
8.5,111.5,0.0
8.5,112.0,0.0
8.5,112.5,0.0
8.5,113.0,0.0
8.5,113.5,0.0
8.5,114.0,0.0
8.5,114.5,0.0
8.5,115.0,0.0
8.5,115.5,0.0
8.5,116.0,0.0
8.5,116.5,0.0
8.5,117.0,0.0
8.5,117.5,0.0
8.5,118.0,0.0
8.5,118.5,0.0
8.5,119.0,0.0
8.5,119.5,0.0
8.5,120.0,0.0
8.5,120.5,0.0
8.5,121.0,0.0
8.5,121.5,0.0
8.5,122.0,0.0
8.5,122.5,0.0
8.5,123.0,0.0
8.5,123.5,0.0
8.5,124.0,0.0
8.5,124.5,0.0
9.0,100.0,0.0
9.0,100.5,0.0
9.0,101.0,0.0
9.0,101.5,0.0
9.0,102.0,0.0
9.0,102.5,0.0
9.0,103.0,0.0
9.0,103.5,0.0
9.0,104.0,0.0
9.0,104.5,0.0
9.0,105.0,0.0
9.0,105.5,0.0
9.0,106.0,0.0
9.0,106.5,0.0
9.0,107.0,0.0
9.0,107.5,0.0
9.0,108.0,0.0
9.0,108.5,0.0
9.0,109.0,0.0
9.0,109.5,0.0
9.0,110.0,0.0
9.0,110.5,0.0
9.0,111.0,0.0
9.0,111.5,0.0
9.0,112.0,0.0
9.0,112.5,0.0
9.0,113.0,0.0
9.0,113.5,0.0
9.0,114.0,0.0
9.0,114.5,0.0
9.0,115.0,0.0
9.0,115.5,0.0
9.0,116.0,0.0
9.0,116.5,0.0
9.0,117.0,0.0
9.0,117.5,0.0
9.0,118.0,0.0
9.0,118.5,0.0
9.0,119.0,0.0
9.0,119.5,0.0
9.0,120.0,0.0
9.0,120.5,0.0
9.0,121.0,0.0
9.0,121.5,0.0
9.0,122.0,0.0
9.0,122.5,0.0
9.0,123.0,0.0
9.0,123.5,0.0
9.0,124.0,0.0
9.0,124.5,0.0
9.5,100.0,0.0
9.5,100.5,0.0
9.5,101.0,0.0
9.5,101.5,0.0
9.5,102.0,0.0
9.5,102.5,0.0
9.5,103.0,0.0
9.5,103.5,0.0
9.5,104.0,0.0
9.5,104.5,0.0
9.5,105.0,0.0
9.5,105.5,0.0
9.5,106.0,0.0
9.5,106.5,0.0
9.5,107.0,0.0
9.5,107.5,0.0
9.5,108.0,0.0
9.5,108.5,0.0
9.5,109.0,0.0
9.5,109.5,0.0
9.5,110.0,0.0
9.5,110.5,0.0
9.5,111.0,0.0
9.5,111.5,0.0
9.5,112.0,0.0
9.5,112.5,0.0
9.5,113.0,0.0
9.5,113.5,0.0
9.5,114.0,0.0
9.5,114.5,0.0
9.5,115.0,0.0
9.5,115.5,0.0
9.5,116.0,0.0
9.5,116.5,0.0
9.5,117.0,0.0
9.5,117.5,0.0
9.5,118.0,0.0
9.5,118.5,0.0
9.5,119.0,0.0
9.5,119.5,0.0
9.5,120.0,0.0
9.5,120.5,0.0
9.5,121.0,0.0
9.5,121.5,0.0
9.5,122.0,0.0
9.5,122.5,0.0
9.5,123.0,0.0
9.5,123.5,0.0
9.5,124.0,0.0
9.5,124.5,0.0
10.0,100.0,0.0
10.0,100.5,0.0
10.0,101.0,0.0
10.0,101.5,0.0
10.0,102.0,0.0
10.0,102.5,0.0
10.0,103.0,0.0
10.0,103.5,0.0
10.0,104.0,0.0
10.0,104.5,0.0
10.0,105.0,0.0
10.0,105.5,0.0
10.0,106.0,0.0
10.0,106.5,0.0
10.0,107.0,0.0
10.0,107.5,0.0
10.0,108.0,0.0
10.0,108.5,0.0
10.0,109.0,0.0
10.0,109.5,0.0
10.0,110.0,0.0
10.0,110.5,0.0
10.0,111.0,0.0
10.0,111.5,0.0
10.0,112.0,0.0
10.0,112.5,0.0
10.0,113.0,0.0
10.0,113.5,0.0
10.0,114.0,0.0
10.0,114.5,0.0
10.0,115.0,0.0
10.0,115.5,0.0
10.0,116.0,0.0
10.0,116.5,0.0
10.0,117.0,0.0
10.0,117.5,0.0
10.0,118.0,0.0
10.0,118.5,0.0
10.0,119.0,0.0
10.0,119.5,0.0
10.0,120.0,0.0
10.0,120.5,0.0
10.0,121.0,0.0
10.0,121.5,0.0
10.0,122.0,0.0
10.0,122.5,0.0
10.0,123.0,0.0
10.0,123.5,0.0
10.0,124.0,0.0
10.0,124.5,0.0
10.5,100.0,0.0
10.5,100.5,0.0
10.5,101.0,0.0
10.5,101.5,0.0
10.5,102.0,0.0
10.5,102.5,0.0
10.5,103.0,0.0
10.5,103.5,0.0
10.5,104.0,0.0
10.5,104.5,0.0
10.5,105.0,0.0
10.5,105.5,0.0
10.5,106.0,0.0
10.5,106.5,0.0
10.5,107.0,0.0
10.5,107.5,0.0
10.5,108.0,0.0
10.5,108.5,0.0
10.5,109.0,0.0
10.5,109.5,0.0
10.5,110.0,0.0
10.5,110.5,0.0
10.5,111.0,0.0
10.5,111.5,0.0
10.5,112.0,0.0
10.5,112.5,0.0
10.5,113.0,0.0
10.5,113.5,0.0
10.5,114.0,0.0
10.5,114.5,0.0
10.5,115.0,0.0
10.5,115.5,0.0
10.5,116.0,0.0
10.5,116.5,0.0
10.5,117.0,0.0
10.5,117.5,0.0
10.5,118.0,0.0
10.5,118.5,0.0
10.5,119.0,0.0
10.5,119.5,0.0
10.5,120.0,0.0
10.5,120.5,0.0
10.5,121.0,0.0
10.5,121.5,0.0
10.5,122.0,0.0
10.5,122.5,0.0
10.5,123.0,0.0
10.5,123.5,0.0
10.5,124.0,0.0
10.5,124.5,0.0
11.0,100.0,0.0
11.0,100.5,0.0
11.0,101.0,0.0
11.0,101.5,0.0
11.0,102.0,0.0
11.0,102.5,0.0
11.0,103.0,0.0
11.0,103.5,0.0
11.0,104.0,0.0
11.0,104.5,0.0
11.0,105.0,0.0
11.0,105.5,0.0
11.0,106.0,0.0
11.0,106.5,0.0
11.0,107.0,0.0
11.0,107.5,0.0
11.0,108.0,0.0
11.0,108.5,0.0
11.0,109.0,0.0
11.0,109.5,0.0
11.0,110.0,0.0
11.0,110.5,0.0
11.0,111.0,0.0
11.0,111.5,0.0
11.0,112.0,0.0
11.0,112.5,0.0
11.0,113.0,0.0
11.0,113.5,0.0
11.0,114.0,0.0
11.0,114.5,0.0
11.0,115.0,0.0
11.0,115.5,0.0
11.0,116.0,0.0
11.0,116.5,0.0
11.0,120.0,0.0
11.0,120.5,0.0
11.0,121.0,0.0
11.0,121.5,0.0
11.0,122.0,0.0
11.0,122.5,0.0
11.0,123.0,0.0
11.0,123.5,0.0
11.0,124.0,0.0
11.0,124.5,0.0
11.5,100.0,0.0
11.5,100.5,0.0
11.5,101.0,0.0
11.5,101.5,0.0
11.5,102.0,0.0
11.5,102.5,0.0
11.5,103.0,0.0
11.5,103.5,0.0
11.5,104.0,0.0
11.5,104.5,0.0
11.5,105.0,0.0
11.5,105.5,0.0
11.5,106.0,0.0
11.5,106.5,0.0
11.5,107.0,0.0
11.5,107.5,0.0
11.5,108.0,0.0
11.5,108.5,0.0
11.5,109.0,0.0
11.5,109.5,0.0
11.5,110.5,0.0
11.5,111.5,0.0
11.5,112.0,0.0
11.5,112.5,0.0
11.5,113.0,0.0
11.5,113.5,0.0
11.5,114.0,0.0
11.5,114.5,0.0
11.5,115.0,0.0
11.5,115.5,0.0
11.5,116.0,0.0
11.5,116.5,0.0
11.5,120.0,0.0
11.5,120.5,0.0
11.5,121.0,0.0
11.5,121.5,0.0
11.5,122.0,0.0
11.5,122.5,0.0
11.5,123.0,0.0
11.5,123.5,0.0
11.5,124.0,0.0
11.5,124.5,0.0
12.0,100.0,0.0
12.0,100.5,0.0
12.0,101.0,0.0
12.0,101.5,0.0
12.0,102.0,0.0
12.0,102.5,0.0
12.0,103.0,0.0
12.0,103.5,0.0
12.0,104.0,0.0
12.0,104.5,0.0
12.0,105.0,0.0
12.0,105.5,0.0
12.0,106.0,0.0
12.0,106.5,0.0
12.0,107.0,0.0
12.0,107.5,0.0
12.0,108.0,0.0
12.0,108.5,0.0
12.0,109.0,0.0
12.0,109.5,0.0
12.0,110.5,0.0
12.0,111.5,0.0
12.0,112.0,0.0
12.0,112.5,0.0
12.0,113.0,0.0
12.0,113.5,0.0
12.0,114.0,0.0
12.0,114.5,0.0
12.0,115.0,0.0
12.0,115.5,0.0
12.0,116.0,0.0
12.0,121.5,0.0
12.0,122.0,0.0
12.0,122.5,0.0
12.0,123.0,0.0
12.0,123.5,0.0
12.0,124.0,0.0
12.0,124.5,0.0
12.5,100.0,0.0
12.5,100.5,0.0
12.5,101.0,0.0
12.5,101.5,0.0
12.5,102.0,0.0
12.5,102.5,0.0
12.5,103.0,0.0
12.5,103.5,0.0
12.5,104.0,0.0
12.5,104.5,0.0
12.5,105.0,0.0
12.5,105.5,0.0
12.5,106.0,0.0
12.5,106.5,0.0
12.5,107.0,0.0
12.5,107.5,0.0
12.5,108.0,0.0
12.5,108.5,0.0
12.5,109.0,0.0
12.5,109.5,0.0
12.5,110.5,0.0
12.5,111.5,0.0
12.5,112.0,0.0
12.5,112.5,0.0
12.5,113.0,0.0
12.5,113.5,0.0
12.5,114.0,0.0
12.5,114.5,0.0
12.5,121.5,0.0
12.5,122.0,0.0
12.5,122.5,0.0
12.5,123.0,0.0
12.5,123.5,0.0
12.5,124.0,0.0
12.5,124.5,0.0
13.0,100.0,0.0
13.0,100.5,0.0
13.0,101.0,0.0
13.0,101.5,0.0
13.0,102.0,0.0
13.0,102.5,0.0
13.0,103.0,0.0
13.0,103.5,0.0
13.0,104.0,0.0
13.0,104.5,0.0
13.0,105.0,0.0
13.0,105.5,0.0
13.0,106.0,0.0
13.0,106.5,0.0
13.0,107.0,0.0
13.0,107.5,0.0
13.0,108.0,0.0
13.0,108.5,0.0
13.0,109.5,0.0
13.0,110.5,0.0
13.0,111.5,0.0
13.0,112.0,0.0
13.0,112.5,0.0
13.0,113.0,0.0
13.0,113.5,0.0
13.0,114.0,0.0
13.0,122.0,0.0
13.0,122.5,0.0
13.0,123.0,0.0
13.0,123.5,0.0
13.0,124.0,0.0
13.0,124.5,0.0
13.5,100.0,0.0
13.5,100.5,0.0
13.5,101.0,0.0
13.5,101.5,0.0
13.5,102.0,0.0
13.5,102.5,0.0
13.5,103.0,0.0
13.5,103.5,0.0
13.5,104.0,0.0
13.5,104.5,0.0
13.5,105.0,0.0
13.5,105.5,0.0
13.5,106.0,0.0
13.5,106.5,0.0
13.5,107.0,0.0
13.5,107.5,0.0
13.5,112.0,0.0
13.5,112.5,0.0
13.5,113.0,0.0
13.5,113.5,0.0
13.5,114.0,0.0
13.5,114.5,0.0
13.5,121.5,0.0
13.5,122.0,0.0
13.5,122.5,0.0
13.5,123.0,0.0
13.5,123.5,0.0
13.5,124.0,0.0
13.5,124.5,0.0
14.0,100.0,0.0
14.0,100.5,0.0
14.0,101.0,0.0
14.0,101.5,0.0
14.0,102.0,0.0
14.0,102.5,0.0
14.0,103.0,0.0
14.0,103.5,0.0
14.0,104.0,0.0
14.0,104.5,0.0
14.0,105.0,0.0
14.0,105.5,0.0
14.0,106.0,0.0
14.0,106.5,0.0
14.0,107.0,0.0
14.0,107.5,0.0
14.0,108.0,0.0
14.0,112.5,0.0
14.0,113.0,0.0
14.0,113.5,0.0
14.0,114.0,0.0
14.0,121.5,0.0
14.0,122.0,0.0
14.0,122.5,0.0
14.0,123.0,0.0
14.0,123.5,0.0
14.0,124.0,0.0
14.0,124.5,0.0
14.5,100.0,0.0
14.5,100.5,0.0
14.5,101.0,0.0
14.5,101.5,0.0
14.5,102.0,0.0
14.5,102.5,0.0
14.5,103.0,0.0
14.5,103.5,0.0
14.5,104.0,0.0
14.5,104.5,0.0
14.5,105.0,0.0
14.5,105.5,0.0
14.5,106.0,0.0
14.5,106.5,0.0
14.5,107.0,0.0
14.5,107.5,0.0
14.5,114.0,0.0
14.5,121.5,0.0
14.5,122.0,0.0
14.5,122.5,0.0
14.5,123.0,0.0
14.5,123.5,0.0
14.5,124.0,0.0
14.5,124.5,0.0
15.0,100.0,0.0
15.0,100.5,0.0
15.0,101.0,0.0
15.0,101.5,0.0
15.0,102.0,0.0
15.0,102.5,0.0
15.0,103.0,0.0
15.0,103.5,0.0
15.0,104.0,0.0
15.0,104.5,0.0
15.0,105.0,0.0
15.0,105.5,0.0
15.0,106.0,0.0
15.0,106.5,0.0
15.0,107.0,0.0
15.0,107.5,0.0
15.0,108.0,0.0
15.0,115.5,0.0
15.0,116.0,0.0
15.0,121.5,0.0
15.0,122.0,0.0
15.0,122.5,0.0
15.0,123.0,0.0
15.0,123.5,0.0
15.0,124.0,0.0
15.0,124.5,0.0
15.5,100.0,0.0
15.5,100.5,0.0
15.5,101.0,0.0
15.5,101.5,0.0
15.5,102.0,0.0
15.5,102.5,0.0
15.5,103.0,0.0
15.5,103.5,0.0
15.5,104.0,0.0
15.5,104.5,0.0
15.5,105.0,0.0
15.5,105.5,0.0
15.5,106.0,0.0
15.5,106.5,0.0
15.5,107.0,0.0
15.5,107.5,0.0
15.5,114.5,0.0
15.5,116.0,0.0
15.5,116.5,0.0
15.5,122.0,0.0
15.5,122.5,0.0
15.5,123.0,0.0
15.5,123.5,0.0
15.5,124.0,0.0
15.5,124.5,0.0
16.0,100.0,0.0
16.0,100.5,0.0
16.0,101.0,0.0
16.0,101.5,0.0
16.0,102.0,0.0
16.0,102.5,0.0
16.0,103.0,0.0
16.0,103.5,0.0
16.0,104.0,0.0
16.0,104.5,0.0
16.0,105.0,0.0
16.0,105.5,0.0
16.0,106.0,0.0
16.0,106.5,0.0
16.0,107.0,0.0
16.0,107.5,0.0
16.0,116.5,0.0
16.0,122.0,0.0
16.0,122.5,0.0
16.0,123.0,0.0
16.0,123.5,0.0
16.0,124.0,0.0
16.0,124.5,0.0
16.5,100.0,0.0
16.5,100.5,0.0
16.5,101.0,0.0
16.5,101.5,0.0
16.5,102.0,0.0
16.5,102.5,0.0
16.5,103.0,0.0
16.5,103.5,0.0
16.5,104.0,0.0
16.5,104.5,0.0
16.5,105.0,0.0
16.5,105.5,0.0
16.5,106.0,0.0
16.5,106.5,0.0
16.5,107.0,0.0
16.5,107.5,0.0
16.5,108.0,0.0
16.5,115.5,0.0
16.5,122.5,0.0
16.5,123.0,0.0
16.5,123.5,0.0
16.5,124.0,0.0
16.5,124.5,0.0
17.0,100.0,0.0
17.0,100.5,0.0
17.0,101.0,0.0
17.0,101.5,0.0
17.0,102.0,0.0
17.0,102.5,0.0
17.0,103.0,0.0
17.0,103.5,0.0
17.0,104.0,0.0
17.0,104.5,0.0
17.0,105.0,0.0
17.0,105.5,0.0
17.0,106.0,0.0
17.0,106.5,0.0
17.0,107.0,0.0
17.0,107.5,0.0
17.0,117.0,0.0
17.0,122.5,0.0
17.0,123.0,0.0
17.0,123.5,0.0
17.0,124.0,0.0
17.0,124.5,0.0
17.5,100.0,0.0
17.5,100.5,0.0
17.5,101.0,0.0
17.5,101.5,0.0
17.5,102.0,0.0
17.5,102.5,0.0
17.5,103.0,0.0
17.5,103.5,0.0
17.5,104.0,0.0
17.5,104.5,0.0
17.5,105.0,0.0
17.5,105.5,0.0
17.5,106.0,0.0
17.5,106.5,0.0
17.5,107.0,0.0
17.5,107.5,0.0
17.5,108.0,0.0
17.5,123.0,0.0
17.5,123.5,0.0
17.5,124.0,0.0
17.5,124.5,0.0
18.0,100.0,0.0
18.0,100.5,0.0
18.0,101.0,0.0
18.0,101.5,0.0
18.0,102.0,0.0
18.0,102.5,0.0
18.0,103.0,0.0
18.0,103.5,0.0
18.0,104.0,0.0
18.0,104.5,0.0
18.0,105.0,0.0
18.0,105.5,0.0
18.0,106.0,0.0
18.0,106.5,0.0
18.0,107.0,0.0
18.0,107.5,0.0
18.0,108.0,0.0
18.0,117.5,0.0
18.0,122.5,0.0
18.0,123.0,0.0
18.0,123.5,0.0
18.0,124.0,0.0
18.0,124.5,0.0
18.5,100.0,0.0
18.5,100.5,0.0
18.5,101.0,0.0
18.5,101.5,0.0
18.5,102.0,0.0
18.5,102.5,0.0
18.5,103.0,0.0
18.5,103.5,0.0
18.5,104.0,0.0
18.5,104.5,0.0
18.5,105.0,0.0
18.5,105.5,0.0
18.5,106.0,0.0
18.5,106.5,0.0
18.5,107.0,0.0
18.5,107.5,0.0
18.5,108.0,0.0
18.5,122.5,0.0
18.5,123.0,0.0
18.5,123.5,0.0
18.5,124.0,0.0
18.5,124.5,0.0
19.0,100.0,0.0
19.0,100.5,0.0
19.0,101.0,0.0
19.0,101.5,0.0
19.0,102.0,0.0
19.0,102.5,0.0
19.0,103.0,0.0
19.0,103.5,0.0
19.0,104.0,0.0
19.0,104.5,0.0
19.0,105.0,0.0
19.0,105.5,0.0
19.0,106.0,0.0
19.0,106.5,0.0
19.0,107.0,0.0
19.0,107.5,0.0
19.0,108.0,0.0
19.0,121.5,0.0
19.0,122.5,0.0
19.0,123.0,0.0
19.0,123.5,0.0
19.0,124.0,0.0
19.0,124.5,0.0
19.5,100.0,0.0
19.5,100.5,0.0
19.5,101.0,0.0
19.5,101.5,0.0
19.5,102.0,0.0
19.5,102.5,0.0
19.5,103.0,0.0
19.5,103.5,0.0
19.5,104.0,0.0
19.5,104.5,0.0
19.5,105.0,0.0
19.5,105.5,0.0
19.5,106.0,0.0
19.5,106.5,0.0
19.5,107.0,0.0
19.5,107.5,0.0
19.5,108.0,0.0
19.5,108.5,0.0
19.5,119.0,0.0
19.5,119.5,0.0
19.5,120.0,0.0
19.5,120.5,0.0
19.5,121.0,0.0
19.5,122.5,0.0
19.5,123.0,0.0
19.5,123.5,0.0
19.5,124.0,0.0
19.5,124.5,0.0
20.0,100.0,0.0
20.0,100.5,0.0
20.0,101.0,0.0
20.0,101.5,0.0
20.0,102.0,0.0
20.0,102.5,0.0
20.0,103.0,0.0
20.0,103.5,0.0
20.0,104.0,0.0
20.0,104.5,0.0
20.0,105.0,0.0
20.0,105.5,0.0
20.0,106.0,0.0
20.0,106.5,0.0
20.0,107.0,0.0
20.0,107.5,0.0
20.0,108.0,0.0
20.0,108.5,0.0
20.0,120.5,0.0
20.0,122.0,0.0
20.0,122.5,0.0
20.0,123.0,0.0
20.0,123.5,0.0
20.0,124.0,0.0
20.0,124.5,0.0
20.5,100.0,0.0
20.5,100.5,0.0
20.5,101.0,0.0
20.5,101.5,0.0
20.5,102.0,0.0
20.5,102.5,0.0
20.5,103.0,0.0
20.5,103.5,0.0
20.5,104.0,0.0
20.5,104.5,0.0
20.5,105.0,0.0
20.5,105.5,0.0
20.5,106.0,0.0
20.5,106.5,0.0
20.5,107.0,0.0
20.5,107.5,0.0
20.5,108.0,0.0
20.5,108.5,0.0
20.5,109.0,0.0
20.5,118.0,0.0
20.5,121.5,0.0
20.5,122.0,0.0
20.5,122.5,0.0
20.5,123.0,0.0
20.5,123.5,0.0
20.5,124.0,0.0
20.5,124.5,0.0
21.0,100.0,0.0
21.0,100.5,0.0
21.0,101.0,0.0
21.0,101.5,0.0
21.0,102.0,0.0
21.0,102.5,0.0
21.0,103.0,0.0
21.0,103.5,0.0
21.0,104.0,0.0
21.0,104.5,0.0
21.0,105.0,0.0
21.0,105.5,0.0
21.0,106.0,0.0
21.0,106.5,0.0
21.0,107.0,0.0
21.0,107.5,0.0
21.0,108.0,0.0
21.0,108.5,0.0
21.0,109.0,0.0
21.0,109.5,0.0
21.0,110.0,0.0
21.0,119.5,0.0
21.0,121.0,0.0
21.0,121.5,0.0
21.0,122.0,0.0
21.0,122.5,0.0
21.0,123.0,0.0
21.0,123.5,0.0
21.0,124.0,0.0
21.0,124.5,0.0
21.5,100.0,0.0
21.5,100.5,0.0
21.5,101.0,0.0
21.5,101.5,0.0
21.5,102.0,0.0
21.5,102.5,0.0
21.5,103.0,0.0
21.5,103.5,0.0
21.5,104.0,0.0
21.5,104.5,0.0
21.5,105.0,0.0
21.5,105.5,0.0
21.5,106.0,0.0
21.5,106.5,0.0
21.5,107.0,0.0
21.5,107.5,0.0
21.5,108.0,0.0
21.5,108.5,0.0
21.5,109.0,0.0
21.5,109.5,0.0
21.5,110.0,0.0
21.5,110.5,0.0
21.5,118.5,0.0
21.5,119.0,0.0
21.5,119.5,0.0
21.5,120.0,0.0
21.5,120.5,0.0
21.5,121.0,0.0
21.5,121.5,0.0
21.5,122.0,0.0
21.5,122.5,0.0
21.5,123.0,0.0
21.5,123.5,0.0
21.5,124.0,0.0
21.5,124.5,0.0
22.0,100.0,0.0
22.0,100.5,0.0
22.0,101.0,0.0
22.0,101.5,0.0
22.0,102.0,0.0
22.0,102.5,0.0
22.0,103.0,0.0
22.0,103.5,0.0
22.0,104.0,0.0
22.0,104.5,0.0
22.0,105.0,0.0
22.0,105.5,0.0
22.0,106.0,0.0
22.0,106.5,0.0
22.0,107.0,0.0
22.0,107.5,0.0
22.0,108.0,0.0
22.0,108.5,0.0
22.0,109.0,0.0
22.0,109.5,0.0
22.0,110.0,0.0
22.0,110.5,0.0
22.0,111.0,0.0
22.0,118.5,0.0
22.0,119.0,0.0
22.0,119.5,0.0
22.0,120.0,0.0
22.0,120.5,0.0
22.0,121.0,0.0
22.0,121.5,0.0
22.0,122.0,0.0
22.0,122.5,0.0
22.0,123.0,0.0
22.0,123.5,0.0
22.0,124.0,0.0
22.0,124.5,0.0
22.5,100.0,0.0
22.5,100.5,0.0
22.5,101.0,0.0
22.5,101.5,0.0
22.5,102.0,0.0
22.5,102.5,0.0
22.5,103.0,0.0
22.5,103.5,0.0
22.5,104.0,0.0
22.5,104.5,0.0
22.5,105.0,0.0
22.5,105.5,0.0
22.5,106.0,0.0
22.5,106.5,0.0
22.5,107.0,0.0
22.5,107.5,0.0
22.5,108.0,0.0
22.5,108.5,0.0
22.5,109.0,0.0
22.5,109.5,0.0
22.5,110.0,0.0
22.5,110.5,0.0
22.5,111.0,0.0
22.5,111.5,0.0
22.5,118.5,0.0
22.5,119.0,0.0
22.5,119.5,0.0
22.5,120.0,0.0
22.5,120.5,0.0
22.5,121.0,0.0
22.5,121.5,0.0
22.5,122.0,0.0
22.5,122.5,0.0
22.5,123.0,0.0
22.5,123.5,0.0
22.5,124.0,0.0
22.5,124.5,0.0
23.0,100.0,0.0
23.0,100.5,0.0
23.0,101.0,0.0
23.0,101.5,0.0
23.0,102.0,0.0
23.0,102.5,0.0
23.0,103.0,0.0
23.0,103.5,0.0
23.0,104.0,0.0
23.0,104.5,0.0
23.0,105.0,0.0
23.0,105.5,0.0
23.0,106.0,0.0
23.0,106.5,0.0
23.0,107.0,0.0
23.0,107.5,0.0
23.0,108.0,0.0
23.0,108.5,0.0
23.0,109.0,0.0
23.0,109.5,0.0
23.0,110.0,0.0
23.0,110.5,0.0
23.0,111.0,0.0
23.0,111.5,0.0
23.0,112.0,0.0
23.0,118.5,0.0
23.0,119.0,0.0
23.0,119.5,0.0
23.0,120.0,0.0
23.0,120.5,0.0
23.0,121.0,0.0
23.0,121.5,0.0
23.0,122.0,0.0
23.0,122.5,0.0
23.0,123.0,0.0
23.0,123.5,0.0
23.0,124.0,0.0
23.0,124.5,0.0
23.5,100.0,0.0
23.5,100.5,0.0
23.5,101.0,0.0
23.5,101.5,0.0
23.5,102.0,0.0
23.5,102.5,0.0
23.5,103.0,0.0
23.5,103.5,0.0
23.5,104.0,0.0
23.5,104.5,0.0
23.5,105.0,0.0
23.5,105.5,0.0
23.5,106.0,0.0
23.5,106.5,0.0
23.5,107.0,0.0
23.5,107.5,0.0
23.5,108.0,0.0
23.5,108.5,0.0
23.5,109.0,0.0
23.5,109.5,0.0
23.5,110.0,0.0
23.5,110.5,0.0
23.5,111.0,0.0
23.5,111.5,0.0
23.5,112.0,0.0
23.5,112.5,0.0
23.5,113.0,0.0
23.5,118.5,0.0
23.5,119.0,0.0
23.5,119.5,0.0
23.5,120.0,0.0
23.5,120.5,0.0
23.5,121.0,0.0
23.5,121.5,0.0
23.5,122.0,0.0
23.5,122.5,0.0
23.5,123.0,0.0
23.5,123.5,0.0
23.5,124.0,0.0
23.5,124.5,0.0
24.0,100.0,0.0
24.0,100.5,0.0
24.0,101.0,0.0
24.0,101.5,0.0
24.0,102.0,0.0
24.0,102.5,0.0
24.0,103.0,0.0
24.0,103.5,0.0
24.0,104.0,0.0
24.0,104.5,0.0
24.0,105.0,0.0
24.0,105.5,0.0
24.0,106.0,0.0
24.0,106.5,0.0
24.0,107.0,0.0
24.0,107.5,0.0
24.0,108.0,0.0
24.0,108.5,0.0
24.0,109.0,0.0
24.0,109.5,0.0
24.0,110.0,0.0
24.0,110.5,0.0
24.0,111.0,0.0
24.0,111.5,0.0
24.0,112.0,0.0
24.0,112.5,0.0
24.0,113.0,0.0
24.0,118.5,0.0
24.0,119.0,0.0
24.0,119.5,0.0
24.0,120.0,0.0
24.0,120.5,0.0
24.0,121.0,0.0
24.0,121.5,0.0
24.0,122.0,0.0
24.0,122.5,0.0
24.0,123.0,0.0
24.0,123.5,0.0
24.0,124.0,0.0
24.0,124.5,0.0
24.5,100.0,0.0
24.5,100.5,0.0
24.5,101.0,0.0
24.5,101.5,0.0
24.5,102.0,0.0
24.5,102.5,0.0
24.5,103.0,0.0
24.5,103.5,0.0
24.5,104.0,0.0
24.5,104.5,0.0
24.5,105.0,0.0
24.5,105.5,0.0
24.5,106.0,0.0
24.5,106.5,0.0
24.5,107.0,0.0
24.5,107.5,0.0
24.5,108.0,0.0
24.5,108.5,0.0
24.5,109.0,0.0
24.5,109.5,0.0
24.5,110.0,0.0
24.5,110.5,0.0
24.5,111.0,0.0
24.5,111.5,0.0
24.5,112.0,0.0
24.5,112.5,0.0
24.5,113.0,0.0
24.5,113.5,0.0
24.5,114.0,0.0
24.5,114.5,0.0
24.5,115.0,0.0
24.5,115.5,0.0
24.5,116.0,0.0
24.5,116.5,0.0
24.5,117.0,0.0
24.5,117.5,0.0
24.5,118.0,0.0
24.5,118.5,0.0
24.5,119.0,0.0
24.5,119.5,0.0
24.5,120.0,0.0
24.5,120.5,0.0
24.5,121.0,0.0
24.5,121.5,0.0
24.5,122.0,0.0
24.5,122.5,0.0
24.5,123.0,0.0
24.5,123.5,0.0
24.5,124.0,0.0
24.5,124.5,0.0
